prody
numpy
scipy
matplotlib
biopython
pyparsing


[191.3557027027027, -12.105540540540538, 239.94981081081087]
[186.3557027027027, -14.105540540540538, 237.94981081081087]
[187.3557027027027, -13.105540540540538, 237.94981081081087]
[187.3557027027027, -13.105540540540538, 236.94981081081087]
[189.3557027027027, -12.105540540540538, 236.94981081081087]
[189.3557027027027, -11.105540540540538, 236.94981081081087]
[187.3557027027027, -10.105540540540538, 236.94981081081087]
[187.3557027027027, -9.1055405405405381, 236.94981081081087]
[186.3557027027027, -8.1055405405405381, 236.94981081081087]
[186.3557027027027, -7.1055405405405381, 235.94981081081087]
[187.3557027027027, -6.1055405405405381, 234.94981081081087]
[188.3557027027027, -7.1055405405405381, 234.94981081081087]
[188.3557027027027, -8.1055405405405381, 234.94981081081087]
[186.3557027027027, -5.1055405405405381, 235.94981081081087]
[186.3557027027027, -4.1055405405405381, 236.94981081081087]
[186.3557027027027, -4.1055405405405381, 237.94981081081087]
[188.3557027027027, -4.1055405405405381, 234.94981081081087]
[185.3557027027027, -4.1055405405405381, 234.94981081081087]
[184.3557027027027, -3.1055405405405381, 233.94981081081087]
[190.3557027027027, -10.105540540540538, 236.94981081081087]
[191.3557027027027, -11.105540540540538, 236.94981081081087]
[192.3557027027027, -10.105540540540538, 235.94981081081087]
[193.3557027027027, -10.105540540540538, 236.94981081081087]
[195.3557027027027, -9.1055405405405381, 236.94981081081087]
[194.3557027027027, -8.1055405405405381, 235.94981081081087]
[193.3557027027027, -8.1055405405405381, 235.94981081081087]
[192.3557027027027, -9.1055405405405381, 235.94981081081087]
[191.3557027027027, -12.105540540540538, 235.94981081081087]
[190.3557027027027, -13.105540540540538, 236.94981081081087]
[190.3557027027027, -14.105540540540538, 237.94981081081087]
[190.3557027027027, -13.105540540540538, 238.94981081081087]
[190.3557027027027, -14.105540540540538, 239.94981081081087]
[190.3557027027027, -15.105540540540538, 239.94981081081087]
[190.3557027027027, -16.105540540540538, 238.94981081081087]
[190.3557027027027, -15.105540540540538, 237.94981081081087]
[187.3557027027027, -14.105540540540538, 235.94981081081087]
[190.3557027027027, -16.105540540540538, 240.94981081081087]